1 2 3 4 5 6 7 8 9 10
8 8 8
1 1 3 3 4 4 5 7
Executed on: 2019-04-05 15:39:33.413000

1 2 3 4 5 6 7 8 9 10
8 8 8
1 1 3 3 4 4 5 7
Executed on: 2019-04-05 15:39:43.053000

1 2 3 4 5 6 7 8 9 10
8 8 8
1 1 3 3 4 4 5 7
Executed on: 2019-04-05 16:16:16.275000

1 2 3 4 5 6 7 8 9 10
8 8 8
1 1 3 3 4 4 5 7
Executed on: 2019-04-05 19:20:38.345000

1 2 3 4 5 6 7 8 9 10
8 8 8
1 1 3 3 4 4 5 7
Executed on: 2019-04-05 19:20:56.202000

1 2 3 4 5 6 7 8 9 10
8 8 8
1 1 3 3 4 4 5 7
Executed on: 2019-04-05 19:21:00.152000

